 patch=           1
   4.9749625769334230E-004   1.2699123181496002E-003
   2.5620139480213157E-003   2.8226275108571468E-003
   6.0410713640532748E-003   4.0720421312958662E-003
   1.0558540259315486E-002   4.8804230787500447E-003
   1.5625000000000000E-002   5.1599899218946841E-003
   2.0691459740684516E-002   4.8804230787500447E-003
   2.5208928635946724E-002   4.0720421312958662E-003
   2.8687986051978684E-002   2.8226275108571468E-003
   3.0752503742306658E-002   1.2699123181496002E-003
 patch=           2
   2.5620139480213157E-003   2.8226275108571468E-003
   6.0410713640532748E-003   4.0720421312958662E-003
   1.0558540259315486E-002   4.8804230787500447E-003
   1.5625000000000000E-002   5.1599899218946841E-003
   2.0691459740684516E-002   4.8804230787500447E-003
   2.5208928635946724E-002   4.0720421312958662E-003
   2.8687986051978684E-002   2.8226275108571468E-003
   3.0752503742306658E-002   1.2699123181496002E-003
   5.6604556409158363E-270   1.1018429643025819E-308
 patch=           3
   6.0410713640532748E-003   4.0720421312958662E-003
   1.0558540259315486E-002   4.8804230787500447E-003
   1.5625000000000000E-002   5.1599899218946841E-003
   2.0691459740684516E-002   4.8804230787500447E-003
   2.5208928635946724E-002   4.0720421312958662E-003
   2.8687986051978684E-002   2.8226275108571468E-003
   3.0752503742306658E-002   1.2699123181496002E-003
   5.6604556409158363E-270   1.1018429643025819E-308
   1.2699123181496002E-003   1.8417985914673601E-233
 patch=           4
   1.0558540259315486E-002   4.8804230787500447E-003
   1.5625000000000000E-002   5.1599899218946841E-003
   2.0691459740684516E-002   4.8804230787500447E-003
   2.5208928635946724E-002   4.0720421312958662E-003
   2.8687986051978684E-002   2.8226275108571468E-003
   3.0752503742306658E-002   1.2699123181496002E-003
   5.6604556409158363E-270   1.1018429643025819E-308
   1.2699123181496002E-003   1.8417985914673601E-233
   2.8226275108571468E-003   2.6679544875427313E-322
 patch=           5
   1.5625000000000000E-002   5.1599899218946841E-003
   2.0691459740684516E-002   4.8804230787500447E-003
   2.5208928635946724E-002   4.0720421312958662E-003
   2.8687986051978684E-002   2.8226275108571468E-003
   3.0752503742306658E-002   1.2699123181496002E-003
   5.6604556409158363E-270   1.1018429643025819E-308
   1.2699123181496002E-003   1.8417985914673601E-233
   2.8226275108571468E-003   2.6679544875427313E-322
   4.0720421312958662E-003   8.5374543601367403E-321
 patch=           6
   2.0691459740684516E-002   4.8804230787500447E-003
   2.5208928635946724E-002   4.0720421312958662E-003
   2.8687986051978684E-002   2.8226275108571468E-003
   3.0752503742306658E-002   1.2699123181496002E-003
   5.6604556409158363E-270   1.1018429643025819E-308
   1.2699123181496002E-003   1.8417985914673601E-233
   2.8226275108571468E-003   2.6679544875427313E-322
   4.0720421312958662E-003   8.5374543601367403E-321
   4.8804230787500447E-003   8.5374543601367403E-321
 patch=           7
   2.5208928635946724E-002   4.0720421312958662E-003
   2.8687986051978684E-002   2.8226275108571468E-003
   3.0752503742306658E-002   1.2699123181496002E-003
   5.6604556409158363E-270   1.1018429643025819E-308
   1.2699123181496002E-003   1.8417985914673601E-233
   2.8226275108571468E-003   2.6679544875427313E-322
   4.0720421312958662E-003   8.5374543601367403E-321
   4.8804230787500447E-003   8.5374543601367403E-321
   5.1599899218946841E-003   8.5374543601367403E-321
 patch=           8
   2.8687986051978684E-002   2.8226275108571468E-003
   3.0752503742306658E-002   1.2699123181496002E-003
   5.6604556409158363E-270   1.1018429643025819E-308
   1.2699123181496002E-003   1.8417985914673601E-233
   2.8226275108571468E-003   2.6679544875427313E-322
   4.0720421312958662E-003   8.5374543601367403E-321
   4.8804230787500447E-003   8.5374543601367403E-321
   5.1599899218946841E-003   8.5374543601367403E-321
   4.8804230787500447E-003   8.6302038097760045E-314
 patch=           9
   3.0752503742306658E-002   1.2699123181496002E-003
   5.6604556409158363E-270   1.1018429643025819E-308
   1.2699123181496002E-003   1.8417985914673601E-233
   2.8226275108571468E-003   2.6679544875427313E-322
   4.0720421312958662E-003   8.5374543601367403E-321
   4.8804230787500447E-003   8.5374543601367403E-321
   5.1599899218946841E-003   8.5374543601367403E-321
   4.8804230787500447E-003   8.6302038097760045E-314
   4.0720421312958662E-003   0.0000000000000000     
 patch=          10
   5.6604556409158363E-270   1.1018429643025819E-308
   1.2699123181496002E-003   1.8417985914673601E-233
   2.8226275108571468E-003   2.6679544875427313E-322
   4.0720421312958662E-003   8.5374543601367403E-321
   4.8804230787500447E-003   8.5374543601367403E-321
   5.1599899218946841E-003   8.5374543601367403E-321
   4.8804230787500447E-003   8.6302038097760045E-314
   4.0720421312958662E-003   0.0000000000000000     
   2.8226275108571468E-003   0.0000000000000000     
 patch=          11
   1.2699123181496002E-003   1.8417985914673601E-233
   2.8226275108571468E-003   2.6679544875427313E-322
   4.0720421312958662E-003   8.5374543601367403E-321
   4.8804230787500447E-003   8.5374543601367403E-321
   5.1599899218946841E-003   8.5374543601367403E-321
   4.8804230787500447E-003   8.6302038097760045E-314
   4.0720421312958662E-003   0.0000000000000000     
   2.8226275108571468E-003   0.0000000000000000     
   1.2699123181496002E-003   0.0000000000000000     
 patch=          12
   2.8226275108571468E-003   2.6679544875427313E-322
   4.0720421312958662E-003   8.5374543601367403E-321
   4.8804230787500447E-003   8.5374543601367403E-321
   5.1599899218946841E-003   8.5374543601367403E-321
   4.8804230787500447E-003   8.6302038097760045E-314
   4.0720421312958662E-003   0.0000000000000000     
   2.8226275108571468E-003   0.0000000000000000     
   1.2699123181496002E-003   0.0000000000000000     
   1.1018429643025819E-308   4.6822190943872240E-294
 patch=          13
   4.0720421312958662E-003   8.5374543601367403E-321
   4.8804230787500447E-003   8.5374543601367403E-321
   5.1599899218946841E-003   8.5374543601367403E-321
   4.8804230787500447E-003   8.6302038097760045E-314
   4.0720421312958662E-003   0.0000000000000000     
   2.8226275108571468E-003   0.0000000000000000     
   1.2699123181496002E-003   0.0000000000000000     
   1.1018429643025819E-308   4.6822190943872240E-294
   1.8417985914673601E-233   1.8791695963562141E-233
 patch=          14
   4.8804230787500447E-003   8.5374543601367403E-321
   5.1599899218946841E-003   8.5374543601367403E-321
   4.8804230787500447E-003   8.6302038097760045E-314
   4.0720421312958662E-003   0.0000000000000000     
   2.8226275108571468E-003   0.0000000000000000     
   1.2699123181496002E-003   0.0000000000000000     
   1.1018429643025819E-308   4.6822190943872240E-294
   1.8417985914673601E-233   1.8791695963562141E-233
   2.6679544875427313E-322   4.6435789513067519E-226
 patch=          15
   5.1599899218946841E-003   8.5374543601367403E-321
   4.8804230787500447E-003   8.6302038097760045E-314
   4.0720421312958662E-003   0.0000000000000000     
   2.8226275108571468E-003   0.0000000000000000     
   1.2699123181496002E-003   0.0000000000000000     
   1.1018429643025819E-308   4.6822190943872240E-294
   1.8417985914673601E-233   1.8791695963562141E-233
   2.6679544875427313E-322   4.6435789513067519E-226
   8.5374543601367403E-321   1.3385211353588433E-308
 patch=          16
   4.8804230787500447E-003   8.6302038097760045E-314
   4.0720421312958662E-003   0.0000000000000000     
   2.8226275108571468E-003   0.0000000000000000     
   1.2699123181496002E-003   0.0000000000000000     
   1.1018429643025819E-308   4.6822190943872240E-294
   1.8417985914673601E-233   1.8791695963562141E-233
   2.6679544875427313E-322   4.6435789513067519E-226
   8.5374543601367403E-321   1.3385211353588433E-308
