   0.0000000000000000        3.1250000000000000E-002
   3.1250000000000000E-002   6.2500000000000000E-002
   6.2500000000000000E-002   9.3750000000000000E-002
   9.3750000000000000E-002  0.12500000000000000     
  0.12500000000000000       0.15625000000000000     
  0.15625000000000000       0.18750000000000000     
  0.18750000000000000       0.21875000000000000     
  0.21875000000000000       0.25000000000000000     
  0.25000000000000000       0.28125000000000000     
  0.28125000000000000       0.31250000000000000     
  0.31250000000000000       0.34375000000000000     
  0.34375000000000000       0.37500000000000000     
  0.37500000000000000       0.40625000000000000     
  0.40625000000000000       0.43750000000000000     
  0.43750000000000000       0.46875000000000000     
  0.46875000000000000       0.50000000000000000     
  0.50000000000000000       0.53125000000000000     
  0.53125000000000000       0.56250000000000000     
  0.56250000000000000       0.59375000000000000     
  0.59375000000000000       0.62500000000000000     
  0.62500000000000000       0.65625000000000000     
  0.65625000000000000       0.68750000000000000     
  0.68750000000000000       0.71875000000000000     
  0.71875000000000000       0.75000000000000000     
  0.75000000000000000       0.78125000000000000     
  0.78125000000000000       0.81250000000000000     
  0.81250000000000000       0.84375000000000000     
  0.84375000000000000       0.87500000000000000     
  0.87500000000000000       0.90625000000000000     
  0.90625000000000000       0.93750000000000000     
  0.93750000000000000       0.96875000000000000     
  0.96875000000000000        1.0000000000000000     
